Id MaHs DiemVan DiemNgoaiNgu DiemToan DiemTong DiemChuyen1 DiemChuyen2
001044 0133418805 7.25 8.75 8.25 39.75
001047 0142430095 7.75 6.75 7.00 36.75
001046 0118428573 7.25 6.00 7.00 34.50
001050 0118180060 6.25 7.50 8.00 36.00
001057 0149106265 8.50 6.00 4.25 31.50
001024 0132588388 7.75 7.25 8.00 38.75
001028 0150706886 8.25 9.25 6.75 39.25
001090 0117896593 7.50 6.75 7.25 36.25
001089 0131074686 7.50 6.00 5.75 32.50
001094 0144762515 8.25 7.50 8.00 40.00
001082 0142742909 7.00 9.75 8.50 40.75
001022 0138554843 8.00 7.25 8.50 40.25
001020 0140498752 6.25 5.50 6.50 31.00
001096 0140235146 5.00 6.00 6.25 28.50
001005 0132184087 8.50 9.50 7.00 40.50
001017 0132588721 8.25 9.00 8.25 42.00
001077 0140249450 8.00 7.50 7.50 38.50
001021 0132184054 7.50 9.50 9.00 42.50
001016 0118180757 7.50 6.00 7.00 35.00
001051 0117741153 8.75 8.50 9.00 44.00
001002 0140173765 7.25 7.00 8.50 38.50
001026 0117843050 7.50 8.75 8.50 40.75
001079 0149078118 7.00 6.00 8.75 37.50
001039 0150594043 7.00 9.00 6.00 35.00
001100 0152349801 8.75 4.00 5.00 31.50
001055 0117794178 7.50 7.50 8.50 39.50
001027 2444797671 8.25 9.25 8.00 41.75
001031 0140173797 7.50 9.00 7.75 39.50
001083 0134168633 7.50 7.00 8.25 38.50
001029 0118028340 8.00 9.00 8.50 42.00
001092 0139283610 7.75 9.75 9.00 43.25
001068 0138850426 8.25 7.50 9.00 42.00
001007 0117777636 7.75 10.0 9.00 43.50
001018 0118205778 8.50 10.0 9.25 45.50
001058 0118180547 6.75 7.75 7.00 35.25
001025 0118110891 7.50 8.00 8.75 40.50
001098 0131638636 8.00 8.75 7.25 39.25
001095 0149106367 5.75 8.00 8.75 37.00
001088 0150549566 7.50 7.00 8.25 38.50
001091 0140576176 7.75 8.00 6.75 37.00
001066 0139283597 7.75 6.50 8.75 39.50
001038 0144524709 8.00 8.75 7.75 40.25
001012 0148772349 7.00 8.00 8.00 38.00
001033 0117815677 7.50 8.25 8.25 39.75
001004 0117920407 8.25 7.75 8.25 40.75
001073 0140235242 3.80 5.50 7.25 27.60
001063 0118491517 7.25 7.00 7.00 35.50
001085 0118518990 8.50 9.00 8.50 43.00
001040 0132588391 7.50 9.00 8.00 40.00
001078 0150546789 8.00 8.25 8.75 41.75
001056 0131787383 7.50 8.00 6.00 35.00
001015 0140117784 7.75 9.25 9.00 42.75
001072 0131638869 8.25 7.75 7.50 39.25
001010 0118181090 7.75 7.50 8.50 40.00
001060 0134536142 7.75 8.75 8.00 40.25
001037 0140173803 6.75 7.50 6.25 33.50
001054 0118110771 6.75 9.00 6.75 36.00
001093 0143103796 7.73 7.75 7.50 38.21
001067 0117877844 7.75 8.75 6.50 37.25
001048 4239294159 6.75 7.75 6.00 33.25
001087 0138622147 8.00 7.50 8.25 40.00
001041 0133418888 8.00 9.25 8.50 42.25
001030 0132184292 6.00 7.00 8.00 35.00
001061 0134536180 6.75 9.50 8.00 39.00
001086 0140705832 8.00 7.50 8.00 39.50
001062 0141362838 7.00 8.25 6.75 35.75
001097 0118423911 8.25 6.50 8.25 39.50
001001 0150706877 5.50 6.25 4.25 25.75
001036 3634767293 8.00 6.25 8.75 39.75
001059 0132588770 7.50 9.00 9.00 42.00
001045 0142907272 6.50 5.50 6.25 31.00
001013 0138622128 8.50 10.0 7.50 42.00
001052 0118179429 7.75 8.25 9.00 41.75
001034 0133121861 7.25 9.00 8.75 41.00
001032 0142907173 7.25 7.25 8.00 37.75
001014 0134509596 8.00 6.25 8.25 38.75
001006 0117714589 7.25 7.00 7.25 36.00
001075 0138933890 8.50 7.50 7.50 39.50
001084 0133418700 8.25 8.00 9.25 43.00
001076 0150451298 7.30 8.25 7.25 37.35
001105 0117793923 6.75 4.25 5.50 28.75
001080 0117753927 7.25 7.75 9.00 40.25
001070 0160320113 8.50 4.50 6.50 34.50
001102 0140173857 8.00 9.75 7.25 40.25
001023 0118180723 5.50 7.75 7.50 33.75
001101 0132992555 8.25 8.25 8.25 41.25
001003 0118027372 6.25 7.75 8.25 36.75
001049 0140173822 8.00 8.25 7.50 39.25
001011 0141898189 5.75 3.50 7.50 30.00
001069 0143078297 7.25 9.25 8.50 40.75
001106 0139104983 KT KT KT 
001103 0138933873 8.25 8.25 8.25 41.25
001053 0117851713 6.25 9.50 7.00 36.00
001104 0138622130 8.50 8.50 8.25 42.00
001065 0134601267 7.75 8.00 6.50 36.50
001071 0138622211 7.75 8.50 8.50 41.00
001019 0139283588 7.75 8.25 7.00 37.75
001081 0139283605 8.50 7.00 8.00 40.00
001099 0118138747 KT KT KT 
001064 0118491511 3.50 5.00 7.50 27.00
001109 0129540765 7.00 8.00 8.00 38.00
001114 0142199765 8.00 8.00 8.00 40.00
001110 0117843060 6.00 6.00 8.25 34.50
001042 0162371976 7.75 9.50 8.00 41.00
001074 0142499860 8.50 9.00 8.50 43.00
001008 0117768938 6.50 5.75 7.50 33.75
001112 0142907126 8.25 8.00 8.00 40.50
001035 0149081520 7.50 9.25 9.00 42.25
001124 0138622182 4.75 6.75 3.50 23.25
001113 0132588665 8.00 9.00 6.25 37.50
001139 0140173872 8.00 8.25 7.75 39.75
001135 0150451250 7.75 6.75 7.00 36.25
001116 0118027259 8.25 6.25 8.00 38.75
001145 0118179206 7.25 8.50 8.50 40.00
001121 0149276826 6.50 8.75 8.00 37.75
001125 0133489266 6.75 9.25 7.50 37.75
001131 0144762301 7.50 6.75 8.00 37.75
001140 0149105975 7.00 8.25 9.00 40.25
001115 0142720188 8.00 9.50 6.25 38.00
001009 0132588719 8.25 8.50 7.50 40.00
001117 0134168869 8.00 7.75 7.75 39.25
001152 0117707258 8.00 6.25 6.25 34.75
001141 0148772397 5.00 7.25 7.00 31.25
001129 0143078293 6.75 6.25 8.50 37.25
001143 0140173874 7.75 8.25 7.00 37.75
001128 0118192934 7.00 7.00 7.00 35.00
001153 0139268342 7.75 8.00 8.00 39.50
001159 0132588356 6.50 4.75 7.25 32.25
001146 0132184020 8.00 7.00 7.50 38.00
001043 0133418891 7.50 7.50 8.25 39.00
001108 0131547021 8.00 7.25 7.50 38.25
001133 0118232837 7.25 9.50 9.00 42.00
001120 0134507058 7.50 6.50 8.50 38.50
001111 0117977931 7.50 5.75 6.00 32.75
001119 3700609934 7.00 7.00 8.75 38.50
001136 0132992478 7.25 4.25 8.75 36.25
001123 0139283615 7.50 9.00 7.25 38.50
001122 0130389566 7.75 7.25 8.50 39.75
001149 0132992537 7.00 6.00 4.75 29.50
001151 0138933854 8.25 7.25 5.75 35.25
001164 0148772406 6.50 8.75 8.50 38.75
001177 0118245699 6.50 7.75 5.00 30.75
001161 0131638641 6.00 4.75 5.25 27.25
001175 0139283628 8.00 9.00 9.00 43.00
001160 0148772405 7.00 9.50 7.75 39.00
001167 0117749457 6.75 4.25 8.25 34.25
001181 0118437053 5.75 5.75 1.00 19.25
001176 0151398441 6.25 6.50 4.50 28.00
001179 0130854087 7.25 7.50 8.75 39.50
001165 0139283626 7.00 9.50 8.25 40.00
001132 0148718938 8.50 9.75 8.75 44.25
001183 2567959944 6.50 5.75 3.25 25.75
001185 0142499797 8.00 6.25 8.00 38.25
001174 0143103797 6.75 8.75 8.50 39.25
001168 0148772407 7.00 7.25 5.50 32.25
001190 0133418747 6.75 7.25 8.50 37.75
001130 0143975876 7.50 9.75 8.50 41.75
001189 0129511848 7.25 9.25 8.00 39.75
001150 0134168804 8.00 7.75 8.25 40.25
001157 0148772404 6.75 9.00 8.25 39.00
001187 0117775856 4.50 8.25 7.50 32.25
001195 0140483065 8.00 8.25 8.25 41.25
001126 0142430099 8.00 8.75 9.00 42.75
001173 0131348666 7.00 7.75 7.00 35.75
001138 0117793051 7.25 6.50 8.50 38.00
001192 0139104977 7.50 8.25 8.50 40.25
001127 0138622112 7.75 5.75 8.00 37.25
001154 0148772403 7.75 6.50 7.25 36.50
001156 0133418760 8.50 6.50 5.00 33.50
001184 0118101985 7.75 8.00 8.75 41.00
001170 0117893204 5.50 2.75 4.50 22.75
001198 0117748925 7.00 7.00 7.00 35.00
001201 0138933877 6.50 5.75 4.50 27.75
001196 0138554840 7.50 9.00 7.75 39.50
001200 0131074689 7.25 7.50 9.00 40.00
001199 0132992519 5.75 7.50 8.00 35.00
001178 0132588446 7.25 9.00 8.75 41.00
001193 0117821532 6.75 4.50 8.50 35.00
001169 0117896346 7.00 6.75 8.50 37.75
001147 0117821408 7.50 9.25 6.75 37.75
001144 0144146588 6.50 7.50 8.75 38.00
001148 0148772402 7.75 9.75 8.50 42.25
001134 0129772313 7.00 4.75 6.75 32.25
001194 0132100506 7.00 6.50 9.00 38.50
001118 0140173864 7.75 6.75 8.00 38.25
001163 0142499926 8.25 5.00 7.25 36.00
001182 0133418904 5.50 7.50 7.50 33.50
001162 0117977845 7.25 6.50 8.25 37.50
001197 0132588402 7.75 8.00 9.00 41.50
001158 0118179800 8.25 9.25 9.00 43.75
001171 0118219862 7.25 7.25 8.50 38.75
001172 0148772409 7.50 8.75 8.75 41.25
001213 0142430102 7.25 6.00 8.50 37.50
001107 0138622241 3.25 3.25 3.75 17.25
001204 0117914634 7.50 9.25 8.50 41.25
001210 0118180037 6.00 7.50 4.50 28.50
001191 0118245749 7.25 8.00 7.75 38.00
001212 2417733998 8.00 8.50 8.50 41.50
001142 0144762273 6.75 7.00 8.50 37.50
001166 0149106124 8.00 9.25 8.75 42.75
001180 0118069729 7.00 7.75 7.25 36.25
001202 7930692548 8.00 9.25 9.00 43.25
001203 0159328703 7.50 9.50 8.75 42.00
